<?xml version="1.0"?>
<opencv_storage>
<calibration_time>"Sun 11 Nov 2018 04:44:06 PM MST"</calibration_time>
<nr_of_frames>25</nr_of_frames>
<image_width>640</image_width>
<image_height>480</image_height>
<board_width>9</board_width>
<board_height>6</board_height>
<square_size>50.</square_size>
<fix_aspect_ratio>1.</fix_aspect_ratio>
<!-- flags: +fix_aspectRatio +fix_principal_point +zero_tangent_dist -->
<flags>14</flags>
<fisheye_model>0</fisheye_model>
<camera_matrix type_id="opencv-matrix">
  <rows>3</rows>
  <cols>3</cols>
  <dt>d</dt>
  <data>
    7.3530833553043510e+02 0. 320. 0. 7.3530833553043510e+02 240. 0. 0.
    1.</data></camera_matrix>
<distortion_coefficients type_id="opencv-matrix">
  <rows>5</rows>
  <cols>1</cols>
  <dt>d</dt>
  <data>
    -2.3528667558034226e-02 1.3301431879108856e+00 0. 0.
    -6.0786673300480434e+00</data></distortion_coefficients>
<avg_reprojection_error>1.7448214733558443e+00</avg_reprojection_error>
<per_view_reprojection_errors type_id="opencv-matrix">
  <rows>25</rows>
  <cols>1</cols>
  <dt>f</dt>
  <data>
    4.43045676e-01 1.57877934e+00 7.46842623e-01 1.58483005e+00
    2.23261759e-01 2.32934669e-01 2.12884352e-01 1.76205948e-01
    1.69469655e-01 1.65564030e-01 1.24780059e-01 2.51700640e-01
    3.67437065e-01 3.97800922e-01 3.61150593e-01 3.72295856e-01
    3.49519849e+00 3.24321127e+00 2.99360776e+00 9.60041285e-01
    1.70167655e-01 2.92560309e-01 6.05970716e+00 1.00398101e-01
    1.05169222e-01</data></per_view_reprojection_errors>
<!-- a set of 6-tuples (rotation vector + translation vector) for each view -->
<extrinsic_parameters type_id="opencv-matrix">
  <rows>25</rows>
  <cols>6</cols>
  <dt>d</dt>
  <data>
    -3.9425199193151750e-01 -6.7477257450583550e-01
    -2.7627323056796964e+00 1.2846336316364557e+02
    1.8033339149830263e+02 8.1021395632145391e+02
    -4.2600479781547740e-01 7.4273752423057365e-02
    -2.8545983984064769e+00 1.5021015497805297e+02
    2.0282854288259483e+02 6.7084739489113281e+02
    -4.3964082450595843e-01 1.2845968239869501e-01
    -2.9101831338185296e+00 2.1372250745831556e+02
    1.7577235162729772e+02 6.8691187934314462e+02
    -2.6282275824483531e-01 -1.8943412299218230e-02
    -3.0802648471869536e+00 1.9304048736476634e+02
    2.0310659140743869e+02 6.5297151168628864e+02
    -1.5350695260546252e-01 8.7035066699068617e-02
    -3.0876849030665650e+00 1.2579491499707481e+02
    2.4323458780316815e+02 1.0833216598100707e+03
    -2.1109351789434497e-01 5.0630044180739617e-02
    -3.0697924206208231e+00 1.3006298216715689e+02
    2.4509480155707058e+02 1.1956411569707220e+03
    -2.2244678300515244e-01 2.6985669821825885e-02
    -3.0589183700647764e+00 1.3767985860021352e+02
    2.4873677068055693e+02 1.2631598622975152e+03
    -2.5520687820143312e-01 -4.4103009228106064e-03
    -3.0544849315098350e+00 1.3951384596423460e+02
    2.5125557825372053e+02 1.2910981232377269e+03
    -2.6021440325056910e-01 1.1692297860778087e-02
    -3.0687905395905442e+00 1.2849592237077223e+02
    2.4820184978360632e+02 1.3096645675936650e+03
    -2.8534849930367950e-01 4.2948873565436113e-02
    -3.1016657149478388e+00 1.3539148558134102e+02
    2.5053993575922931e+02 1.3099455346239838e+03 5.8889728982188028e-01
    -3.7565665721302592e-02 3.0732662392900090e+00
    1.3729577938396028e+02 2.5471661332060143e+02 1.2555120281722284e+03
    8.3836558118106785e-01 -5.1506297718865272e-02
    3.0078200494336276e+00 2.0490868089750893e+02 2.6569987540999784e+02
    1.1965795074722812e+03 1.1225999144161374e+00
    -2.2015792155141423e-02 2.9243251710746736e+00
    2.8039217333954309e+02 2.6791689256065820e+02 1.1475246099943745e+03
    1.3413365322184609e+00 -4.4537195192330931e-02
    2.8240501391406441e+00 3.7287753684840754e+02 2.7700672688237154e+02
    1.1514619675583451e+03 1.4523112074638072e+00
    -6.1989679330579153e-02 2.7459010528689172e+00
    4.3134041574630220e+02 2.8271802447826030e+02 1.1920048585814420e+03
    1.6084827639549817e+00 -8.3761621002386433e-02
    2.6675317941202832e+00 4.2489993349429716e+02 2.9765506505701489e+02
    1.2737670964915994e+03 1.6323482577958224e+00
    -5.9554713148902629e-02 2.6732424683653608e+00
    3.5463053622712238e+02 2.9188889366756683e+02 1.3495918028730900e+03
    -1.6035854698318024e+00 3.5485061091397395e-02
    -2.6962998553826520e+00 2.9918914984422321e+02
    2.8632429671178392e+02 1.3969034316611539e+03
    -1.5343831591620656e+00 3.6772342735011135e-02
    -2.7252628878839142e+00 2.6251123659967459e+02
    2.8197559275263973e+02 1.4240744110293399e+03
    -1.1360105001172671e+00 -2.3219338492243119e-03
    -2.8575960398717890e+00 1.6079679928759944e+02
    2.6415726296466164e+02 1.4931835151503394e+03
    -4.9730743414389361e-01 -7.1275340016288227e-02
    -2.9801994632257243e+00 -1.8854596295129558e+00
    2.8587494705380885e+02 1.3531320668021069e+03
    -7.7897696563828098e-02 -8.5780201329996197e-02
    -3.0080009635825364e+00 -7.3212682565776916e+01
    2.6097676197950085e+02 1.1834425084595430e+03 2.1970372571977523e-01
    -1.0151684718696893e-01 3.1202279462986242e+00
    7.3776828980658266e+01 8.8224840863220528e+00 1.1930180801750189e+03
    1.8386156957708949e-01 -2.7075955518391037e-01
    3.0723068354040755e+00 9.5170686614280839e+01 4.1120007861043882e+02
    1.4493165038268646e+03 2.0480702966136480e-01
    -2.5641723249383575e-01 3.0666184353437509e+00
    1.2762867682407888e+02 4.4667405869282123e+02 1.4562658840978270e+03</data></extrinsic_parameters>
